Rk,,Age,G,GS,MP,FG,FGA,FG%,3P,3PA,3P%,2P,2PA,2P%,eFG%,FT,FTA,FT%,ORB,DRB,TRB,AST,STL,BLK,TOV,PF,PTS
1,Mikal Bridges\bridgmi01,22,82,56,2417,242,563,.430,105,313,.335,137,250,.548,.523,95,118,.805,56,208,264,173,129,38,70,201,684
2,Devin Booker\bookede01,22,64,64,2242,586,1255,.467,135,414,.326,451,841,.536,.521,393,454,.866,39,226,265,433,56,13,264,200,1700
3,Deandre Ayton\aytonde01,20,71,70,2183,509,870,.585,0,4,.000,509,866,.588,.585,141,189,.746,223,506,729,125,61,67,126,209,1159
4,Josh Jackson\jacksjo02,21,79,29,1988,347,841,.413,73,225,.324,274,616,.445,.456,143,213,.671,66,281,347,183,74,56,173,209,910
5,T.J. Warren\warretj01,25,43,36,1360,297,611,.486,77,180,.428,220,431,.510,.549,101,124,.815,31,143,174,64,51,29,52,119,772
6,Jamal Crawford\crawfja01,38,64,0,1211,174,438,.397,67,202,.332,107,236,.453,.474,93,110,.845,8,77,85,229,33,12,99,75,508
7,Richaun Holmes\holmeri01,25,70,4,1184,222,365,.608,0,0,,222,365,.608,.608,128,175,.731,115,216,331,60,42,79,52,194,572
8,Kelly Oubre\oubreke01,23,40,12,1180,243,537,.453,67,206,.325,176,331,.532,.515,121,159,.761,47,149,196,64,57,39,73,110,674
9,De'Anthony Melton\meltode01,20,50,31,984,100,256,.391,29,95,.305,71,161,.441,.447,21,28,.750,25,109,134,159,68,23,75,113,250
10,Elie Okobo\okoboel01,21,53,16,958,114,290,.393,39,132,.295,75,158,.475,.460,37,47,.787,12,86,98,127,32,7,69,109,304
11,Trevor Ariza\arizatr01,33,26,26,884,86,227,.379,50,139,.360,36,88,.409,.489,36,43,.837,16,129,145,87,38,8,39,44,258
12,Dragan Bender\bendedr01,21,46,27,826,88,197,.447,22,101,.218,66,96,.688,.503,32,54,.593,34,149,183,56,18,22,37,90,230
13,Troy Daniels\danietr01,27,51,1,760,113,275,.411,74,194,.381,39,81,.481,.545,18,23,.783,13,60,73,26,26,5,27,79,318
14,Isaiah Canaan\canaais01,27,19,15,503,51,129,.395,25,72,.347,26,57,.456,.492,15,20,.750,5,44,49,62,12,0,29,46,142
15,Tyler Johnson\johnsty01,26,13,12,406,46,125,.368,18,56,.321,28,69,.406,.440,34,39,.872,15,37,52,54,14,6,14,25,144
16,Ryan Anderson\anderry01,30,15,8,278,19,60,.317,7,34,.206,12,26,.462,.375,11,14,.786,14,31,45,17,3,1,12,23,56
17,Ray Spalding\spaldra01,21,13,3,147,25,47,.532,0,3,.000,25,44,.568,.532,4,12,.333,15,33,48,5,9,8,9,23,54
18,Quincy Acy\acyqu01,28,10,0,123,4,18,.222,2,15,.133,2,3,.667,.278,7,10,.700,3,22,25,8,1,4,4,24,17
19,Tyson Chandler\chandty01,36,7,0,89,8,12,.667,0,0,,8,12,.667,.667,10,18,.556,7,32,39,6,2,1,7,21,26
20,Jimmer Fredette\fredeji01,29,6,0,65,8,29,.276,0,13,.000,8,16,.500,.276,6,6,1.000,1,6,7,8,3,0,5,5,22
21,Jawun Evans\evansja01,22,7,0,64,3,13,.231,0,2,.000,3,11,.273,.231,0,0,,1,11,12,10,3,0,6,8,6
22,Emanuel Terry\terryem01,22,2,0,20,4,6,.667,0,0,,4,6,.667,.667,1,2,.500,2,4,6,1,3,0,2,4,9
23,George King\kingge03,25,1,0,6,0,0,,0,0,,0,0,,,0,0,,0,1,1,0,0,0,0,0,0
24,Eric Moreland\moreler01,27,1,0,5,0,0,,0,0,,0,0,,,0,0,,0,3,3,0,0,0,0,1,0
,Team Totals,,82,,19880,3289,7164,.459,790,2400,.329,2499,4764,.525,.514,1447,1858,.779,748,2563,3311,1957,735,418,1279,1932,8815